239934,134.13468224
239944,134.13468224
239954,134.13468224
239964,134.12838877
239974,134.12838877
239984,134.12838877
239994,134.12838877
240004,134.12838877
240014,134.12838877
240024,134.12838877
240034,134.12838877
240044,134.12838877
240054,134.12838877
240064,134.12838877
240074,134.12838877
240084,134.12838877
240094,134.12838877
240104,134.12838877
240114,134.12838877
240124,134.12838877
240134,134.12838877
240144,134.12838877
240154,134.12838877
240164,134.12838877
240174,134.0789038
240184,133.81194479
240194,133.24792222
240204,132.4835454
240214,131.55291707
240224,130.46946895
240234,129.31523892
240244,128.15474208
240254,127.02285712
240264,125.93115539
240274,124.88509287
240284,123.88800781
240294,122.92229244
240304,121.9613527
240314,121.00341317
240324,120.04547897
240334,119.07801396
240344,118.12637212
240354,117.17798648
240364,116.22007558
240374,115.26521155
240384,114.25860386
240394,113.22059851
240404,112.13540323
240414,111.04545352
240424,109.96025865
240434,108.8733702
240444,107.80702198
240454,106.75170562
240464,105.69792522
240474,104.65363952
240484,103.60614543
240494,102.56494044
240504,101.51271847
240514,100.47626518
240524,99.4287935
240534,98.3828832
240544,97.3306989
240554,96.28325091
240564,95.24525541
240574,94.20725998
240584,93.15825248
240594,92.11081691
240604,91.06496383
240614,90.02068148
240624,88.98269113
240634,87.9368583
240644,86.88004337
240654,85.84365165
240664,84.7915705
240674,83.73642096
240684,82.69068504
240694,81.65901671
240704,80.61943174
240714,79.60444871
240724,78.54986333
240734,77.48266192
240744,76.43047546
240754,75.39003204
240764,74.36314296
240774,73.33416951
240784,72.32473971
240794,71.31799046
240804,70.31532729
240814,69.30877619
240824,68.32529116
240834,67.33171103
240844,66.34960862
240854,65.35765888
240864,64.35092423
240874,63.34085785
240884,62.30973236
240894,61.29229887
240904,60.26686126
240914,59.24386519
240924,58.21351099
240934,57.18321405
240944,56.15297739
240954,55.1264605
240964,54.09739477
240974,53.0608223
240984,52.02929334
240994,50.99658085
241004,49.9539941
241014,48.91870585
241024,47.87587988
241034,46.82810331
241044,45.78529644
241054,44.73011444
241064,43.69225048
241074,42.65331308
241084,41.60682951
241094,40.57028663
241104,39.51997261
241114,38.47391271
241124,37.42534151
241134,36.37627676
241144,35.33345649
241154,34.28930307
241164,33.24728326
241174,32.20297783
241184,31.15652755
241194,30.10872672
241204,29.05606135
241214,28.01344433
241224,26.9521625
241234,25.89175
241244,24.84998465
241254,23.82622614
241264,22.82077397
241274,21.83063369
241284,20.87624264
241294,19.91335652
241304,18.97195609
241314,18.05538713
241324,17.13501988
241334,16.23183805
241344,15.29757297
241354,14.30976826
241364,13.30970783
241374,12.30133808
241384,11.28853487
241394,10.27380599
241404,9.25588825
241414,8.24793029
241424,7.242694
241434,6.24911365
241444,5.26973486
241454,4.31442668
241464,3.40600886
241474,2.58772674
241484,2.00275952
241494,1.86362457
241504,1.86359865
241514,1.8527296
241524,1.86487005
241534,1.8546177
241544,1.84406106
241554,1.84040426
241564,1.84477418
241574,1.8469501
241584,1.85192006
241594,2.19058255
241604,2.88259157
241614,3.74026349
241624,4.6651902
241634,5.64480278
241644,6.63974131
241654,7.64709654
241664,8.65406701
241674,9.68106494
241684,10.71672681
241694,11.74529005
241704,12.77478296
241714,13.81888282
241724,14.86437462
241734,15.89348344
241744,16.92920722
241754,17.96560193
241764,19.00258543
241774,20.04609626
241784,21.09593082
241794,22.13447098
241804,23.17909203
241814,24.22398242
241824,25.25748286
241834,26.3148323
241844,27.35437523
241854,28.40564274
241864,29.44544827
241874,30.47331419
241884,31.51385689
241894,32.56058872
241904,33.60746678
241914,34.65387044
241924,35.68885572
241934,36.72999773
241944,37.78270907
241954,38.82941257
241964,39.87686931
241974,40.91832402
241984,41.96520217
241994,43.01821397
242004,44.05298671
242014,45.09388174
242024,46.11196125
242034,47.05843087
242044,47.899824
242054,48.63293639
242064,49.26708661
242074,49.7998366
242084,50.33259649
242094,50.8531366
242104,51.37979683
242114,51.89423036
242124,52.42005578
242134,52.94061059
242144,53.45505105
242154,53.97561305
242164,54.49703775
242174,55.02373265
242184,55.54431013
242194,56.07101478
242204,56.59247648
242214,57.11306803
242224,57.63366273
242234,58.16038817
242244,58.68188189
242254,59.20248909
242264,59.72309905
242274,60.2437117
242284,60.76432698
242294,61.29107756
242304,61.81261065
242314,62.33937148
242324,62.85478472
242334,63.38155446
242344,63.90832773
242354,64.42989718
242364,64.95667944
242374,65.48346492
242384,66.00931381
242394,66.52996172
242404,67.04447007
242414,67.56512108
242424,68.08577384
242434,68.61257127
242444,69.13322794
242454,69.65388624
242464,70.17550234
242474,70.70231137
242484,71.22297672
242494,71.74364354
242504,72.26527845
242514,72.79209808
242524,73.3127713
242534,73.83344584
242544,74.3479722
242554,74.87479875
242564,75.39645691
242574,75.92328945
242584,76.43880568
242594,76.96564341
242604,77.48732107
242614,78.01416427
242624,78.53485473
242634,79.06170118
242644,79.58339425
242654,80.11024577
242664,80.6309422
242674,81.15679121
242684,81.67233774
242694,82.19919463
242704,82.72605315
242714,83.24059598
242724,83.76745678
242734,84.29431911
242744,84.81502322
242754,85.31210594
242764,85.73216279
242774,86.05773151
242784,86.2651902
242794,86.3771401
242804,86.38330073
242814,86.38330073
242824,86.38330073
242834,86.38330073
242844,86.38946148
242854,86.38946148
242864,86.38946148
242874,86.38946148
242884,86.38946148
242894,86.38946148
242904,86.38946148
242914,86.38946148
242924,86.38946148
242934,86.38946148
242944,86.38946148
242954,86.38946148
242964,86.38946148
242974,86.38946148
242984,86.38946148
242994,86.38946148
243004,86.38946148
243014,86.38946148
243024,86.38946148
243034,86.38946148
243044,86.38946148
243054,86.38946148
243064,86.38946148
243074,86.38946148
243084,86.38946148
243094,86.38946148
243104,86.38946148
243114,86.38946148
243124,86.38946148
243134,86.38946148
243144,86.38946148
243154,86.38946148
243164,86.38946148
243174,86.38946148
243184,86.38946148
243194,86.38946148
243204,86.38946148
243214,86.38946148
243224,86.38946148
243234,86.38946148
243244,86.38946148
243254,86.38946148
243264,86.38946148
243274,86.38946148
81513.6,116.03131449
81523.6,116.03131449
81533.6,116.03131449
81543.6,116.03131449
81553.6,116.03131449
81563.6,116.03131449
81573.6,116.03131449
81583.6,116.03131449
81593.6,116.03131449
81603.6,116.03131449
81613.6,116.03131449
81623.6,116.03131449
81633.6,116.03131449
81643.6,116.03131449
81653.6,116.03131449
81663.6,116.03131449
81673.6,116.03131449
81683.6,116.03131449
81693.6,116.03131449
81703.6,116.03131449
81713.6,116.03131449
81723.6,116.03131449
81733.6,116.03131449
81743.6,116.03131449
81753.6,115.98148451
81763.6,115.70324679
81773.6,115.15035529
81783.6,114.38598215
81793.6,113.44902766
81803.6,112.36556564
81813.6,111.21132394
81823.6,110.05081544
81833.6,108.92517589
81843.6,107.8272144
81853.6,106.78743499
81863.6,105.78080415
81873.6,104.80555536
81883.6,103.84763451
81893.6,102.88972005
81903.6,101.93657306
81913.6,100.9786693
81923.6,100.03028659
81933.6,99.08666243
81943.6,98.12876708
81953.6,97.16765689
81963.6,96.16580941
81973.6,95.11677377
81983.6,94.03786283
81993.6,92.94792339
82003.6,91.86273132
82013.6,90.77113589
82023.6,89.70789775
82033.6,88.64312312
82043.6,87.59883685
82053.6,86.55455075
82063.6,85.50392205
82073.6,84.46276435
82083.6,83.42004652
82093.6,82.38205185
82103.6,81.33461913
82113.6,80.28406047
82123.6,79.23353218
82133.6,78.1908429
82143.6,77.15285914
82153.6,76.10077755
82163.6,75.0566206
82173.6,74.01234749
82183.6,72.96968659
82193.6,71.92072995
82203.6,70.88276091
82213.6,69.84641304
82223.6,68.7927896
82233.6,67.75482803
82243.6,66.71219498
82253.6,65.65090473
82263.6,64.6052905
82273.6,63.56735137
82283.6,62.5294146
82293.6,61.51511551
82303.6,60.45779325
82313.6,59.39141028
82323.6,58.33459724
82333.6,57.28681563
82343.6,56.25795654
82353.6,55.23656355
82363.6,54.22266088
82373.6,53.21158795
82383.6,52.21269443
82393.6,51.21361606
82403.6,50.22856303
82413.6,49.23525669
82423.6,48.25093898
82433.6,47.25650578
82443.6,46.25895363
82453.6,45.2456367
82463.6,44.21840381
82473.6,43.19685294
82483.6,42.17658979
82493.6,41.15890245
82503.6,40.12490317
82513.6,39.0937168
82523.6,38.06670549
82533.6,37.04133534
82543.6,35.99854463
82553.6,34.95823942
82563.6,33.92292259
82573.6,32.8938169
82583.6,31.85482707
82593.6,30.82075692
82603.6,29.77922961
82613.6,28.73500596
82623.6,27.69091629
82633.6,26.6372476
82643.6,25.59447746
82653.6,24.55419296
82663.6,23.51863589
82673.6,22.47238115
82683.6,21.42339664
82693.6,20.37441212
82703.6,19.33164196
82713.6,18.27778539
82723.6,17.23367292
82733.6,16.19541143
82743.6,15.14638461
82753.6,14.10708158
82763.6,13.06207191
82773.6,12.02055511
82783.6,10.96659121
82793.6,9.92075276
82803.6,8.8549616
82813.6,7.803686
82823.6,6.75757124
82833.6,5.73337238
82843.6,4.72298766
82853.6,3.7298662
82863.6,2.78923569
82873.6,1.93737655
82883.6,1.35882976
82893.6,1.18265822
82903.6,0.9792097
82913.6,0.7252311
82923.6,0.44606864
82933.6,0.34720818
82943.6,0.38287571
82953.6,0.66075779
82963.6,0.91008159
82973.6,1.14203441
82983.6,1.33585146
82993.6,1.50387768
83003.6,1.64105485
83013.6,1.79068342
83023.6,2.27935875
83033.6,2.99052087
83043.6,3.7917292
83053.6,4.68520254
83063.6,5.63782282
83073.6,6.63554754
83083.6,7.6502936
83093.6,8.69471585
83103.6,9.7341617
83113.6,10.783283
83123.6,11.84119512
83133.6,12.90205048
83143.6,13.96450892
83153.6,15.02190786
83163.6,16.08082128
83173.6,17.14659127
83183.6,18.20714685
83193.6,19.27427403
83203.6,20.33010259
83213.6,21.39804446
83223.6,22.46631123
83233.6,23.52321953
83243.6,24.58041073
83253.6,25.63744505
83263.6,26.70709044
83273.6,27.76492536
83283.6,28.83499467
83293.6,29.90525104
83303.6,30.98115133
83313.6,32.04505987
83323.6,33.11510487
83333.6,34.16704609
83343.6,35.22510106
83353.6,36.29601129
83363.6,37.36633807
83373.6,38.41918128
83383.6,39.48353757
83393.6,40.56010961
83403.6,41.61920301
83413.6,42.68978323
83423.6,43.74820644
83433.6,44.81885386
83443.6,45.87811791
83453.6,46.93742387
83463.6,48.00287859
83473.6,49.07448849
83483.6,50.14087013
83493.6,51.21784284
83503.6,52.27647756
83513.6,53.33599156
83523.6,54.41303005
83533.6,55.47783567
83543.6,56.54265401
83553.6,57.60838125
83563.6,58.67936051
83573.6,59.74421978
83583.6,60.80295443
83593.6,61.86783181
83603.6,62.90295822
83613.6,63.86815126
83623.6,64.73272918
83633.6,65.48440489
83643.6,66.14159493
83653.6,66.6929626
83663.6,67.24338701
83673.6,67.7815253
83683.6,68.32676647
83693.6,68.87201555
83703.6,69.4101593
83713.6,69.95445089
83723.6,70.49874389
83733.6,71.04400928
83743.6,71.59445601
83753.6,72.13260549
83763.6,72.67173352
83773.6,73.22218696
83783.6,73.76649103
83793.6,74.31079625
83803.6,74.85510259
83813.6,75.39424587
83823.6,75.93855555
83833.6,76.48286627
83843.6,77.02102394
83853.6,77.57149074
83863.6,78.11580445
83873.6,78.65396398
83883.6,79.19212389
83893.6,79.73128477
83903.6,80.27560255
83913.6,80.82092664
83923.6,81.36625633
83933.6,81.9167377
83943.6,82.46207574
83953.6,83.0064018
83963.6,83.54456876
83973.6,84.088896
83983.6,84.63938439
83993.6,85.17139203
84003.6,85.64485481
84013.6,86.00534709
84023.6,86.26005086
84033.6,86.41924444
84043.6,86.45518858
84053.6,86.45518858
84063.6,86.45518858
84073.6,86.46134979
84083.6,86.46134979
84093.6,86.46134979
84103.6,86.46134979
84113.6,86.46134979
84123.6,86.46134979
84133.6,86.46134979
84143.6,86.46134979
84153.6,86.46134979
84163.6,86.46134979
84173.6,86.46134979
84183.6,86.46134979
84193.6,86.46134979
84203.6,86.46134979
84213.6,86.46134979
84223.6,86.46134979
84233.6,86.46134979
84243.6,86.46134979
84253.6,86.46134979
84263.6,86.46134979
84273.6,86.46134979
84283.6,86.46134979
84293.6,86.46134979
84303.6,86.46134979
84313.6,86.46134979
84323.6,86.46134979
84333.6,86.46134979
84343.6,86.46134979
84353.6,86.46134979
84363.6,86.46134979
84373.6,86.46134979
84383.6,86.46134979
84393.6,86.46134979
84403.6,86.46134979
84413.6,86.46134979
84423.6,86.46134979
84433.6,86.46134979
84443.6,86.46134979
84453.6,86.46134979
84463.6,86.46134979
84473.6,86.46134979
84483.6,86.46134979
84493.6,86.46134979
84503.6,86.46134979
84513.6,86.46134979
84523.6,86.46134979
84533.6,86.46134979
84543.6,86.46134979
84553.6,86.46134979
84563.6,86.46134979
84573.6,86.46134979
84583.6,86.46134979
84593.6,86.46134979
84603.6,86.46134979
84613.6,86.46134979
84623.6,86.46134979
84633.6,86.46134979
84643.6,86.46134979
84653.6,86.46134979
84663.6,86.46134979
84673.6,86.46134979
84683.6,86.46134979
84693.6,86.46134979
84703.6,86.46134979
84713.6,86.46134979
84723.6,86.46134979
84733.6,86.46134979
84743.6,86.46134979
84753.6,86.46134979
84763.6,86.46134979
84773.6,86.46134979
84783.6,86.46134979
84793.6,86.46134979
84803.6,86.46134979
84813.6,86.46134979
84823.6,86.46134979
84833.6,86.46134979
84843.6,86.46134979
84853.6,86.46134979
84863.6,86.46134979
84873.6,86.46134979
84883.6,86.46134979
84893.6,86.46134979
84903.6,86.46134979
84913.6,86.46134979
84923.6,86.46134979
84933.6,86.46134979
84943.6,86.46134979
84953.6,86.46134979
84963.6,86.46134979
84973.6,86.46134979
84983.6,86.46134979
84993.6,86.46134979
85003.6,86.46134979
85013.6,86.46134979
216579,93.27605687
216589,93.27605687
216599,93.27605687
216609,93.27605687
216619,93.27605687
216629,93.27605687
216639,93.27605687
216649,93.27605687
216659,93.27605687
216669,93.27605687
216679,93.27605687
216689,93.27605687
216699,93.27605687
216709,93.27605687
216719,93.27605687
216729,93.27605687
216739,93.27605687
216749,93.27605687
216759,93.27605687
216769,93.27605687
216779,93.27605687
216789,93.27605687
216799,93.27605687
216809,93.27605687
216819,93.22522532
216829,92.951074
216839,92.39404203
216849,91.62969883
216859,90.68769609
216869,89.60886364
216879,88.46081774
216889,87.29392483
216899,86.16794933
216909,85.07019105
216919,84.03052674
216929,83.03023259
216939,82.05982244
216949,81.10199272
216959,80.14417347
216969,79.18480099
216979,78.22856816
216989,77.27235963
216999,76.3208856
217009,75.3725463
217019,74.4147976
217029,73.40988587
217039,72.35781537
217049,71.2836538
217059,70.20159107
217069,69.1211314
217079,68.03450044
217089,66.95888573
217099,65.905256
217109,64.85468643
217119,63.81672288
217129,62.76007382
217139,61.71909639
217149,60.67018011
217159,59.63388722
217169,58.58996956
217179,57.53811937
217189,56.48925191
217199,55.45008724
217209,54.39371321
217219,53.35293275
217229,52.30758303
217239,51.26054435
217249,50.21811858
217259,49.18487134
217269,48.14071515
217279,47.0955146
217289,46.04403885
217299,45.00805632
217309,43.95668277
217319,42.90268188
217329,41.85783114
217339,40.82654591
217349,39.78706352
217359,38.77807836
217369,37.76238767
217379,36.68279233
217389,35.62836353
217399,34.57942215
217409,33.5447893
217419,32.50734436
217429,31.49757112
217439,30.48084713
217449,29.47876064
217459,28.46937032
217469,27.47449913
217479,26.4768452
217489,25.48755587
217499,24.49554978
217509,23.49807874
217519,22.48872565
217529,21.45845379
217539,20.44169015
217549,19.41991653
217559,18.40447423
217569,17.37023018
217579,16.34470196
217589,15.31717558
217599,14.28841365
217609,13.26714803
217619,12.22196416
217629,11.1825447
217639,10.14854297
217649,9.10883277
217659,8.07506763
217669,7.02915067
217679,5.98070818
217689,4.94154501
217699,3.88273742
217709,2.84171171
217719,1.80589549
217729,0.76561021
217739,0.21043006
217749,0.1884534
217759,0.14738462
217769,0.1535578
217779,0.1535578
217789,0.15865925
217799,0.15865925
217809,0.1535578
217819,0.14267929
217829,0.14228318
217839,0.1468716
217849,0.1418041
217859,0.15254995
217869,0.15213927
217879,0.14704157
217889,0.15163061
217899,0.14541624
217909,0.15163061
217919,0.14704157
217929,0.15111839
217939,0.15111839
217949,0.15111839
217959,0.15019737
217969,0.15683828
217979,0.1506026
217989,0.1506026
217999,0.15019737
218009,0.15019737
218019,0.14395341
218029,0.13946437
218039,0.1496788
218049,0.1447274
218059,0.1554216
218069,0.1554216
218079,0.14435071
218089,0.14915668
218099,0.14435071
218109,0.14435071
218119,0.15490635
218129,0.14435071
218139,0.14435071
218149,0.14435071
218159,0.14863101
218169,0.14823172
218179,0.14386003
218189,0.15399688
218199,0.1534753
218209,0.1534753
218219,0.14336597
218229,0.14770343
218239,0.14299405
218249,0.1534753
218259,0.15295015
218269,0.14717162
218279,0.14249747
218289,0.14249747
218299,0.15295015
218309,0.15203693
218319,0.15295015
218329,0.14663629
218339,0.15256467
218349,0.14199753
218359,0.14781823
218369,0.15150564
218379,0.14781823
218389,0.14149423
218399,0.14149423
218409,0.15150564
218419,0.15150564
218429,0.15150564
218439,0.1509708
218449,0.15150564
218459,0.1509708
218469,0.14646485
218479,0.1406226
218489,0.14646485
